  0.00   0.12  but
  0.12   0.24  our
  0.24   1.56  362
  1.56   3.26 ,880
  3.26   4.00  counted
  4.00   4.28  those
  4.28   4.58  missing
  4.58   4.94  moves
  4.94   5.32  anyway,
  5.60   6.10  as
  6.10   6.22  if
  6.22   6.32  the
  6.32   6.68  players
  6.68   7.00  kept
  7.00   7.36  going
  7.36   7.70  after
  7.70   7.84  the
  7.84   8.04  win.
  8.30   8.66  The
  8.66   8.86  four
  8.86   9.16  empty
  9.16   9.54  squares
  9.54   9.78  can
  9.78   9.88  be
  9.88  10.20  filled
 10.20  10.42  in
 10.42  10.72  4
 10.72  11.00  times
 11.00  11.30  3
 11.30  11.70  times
 11.70  11.90  2
 11.90  12.24  times
 12.24  12.58  1,
 12.78  13.14  so
 13.14  13.62  24
 13.62  14.04  ways.
 14.38  14.74  So
 14.74  14.94  this
 14.94  15.14  one
 15.14  15.40  game
 15.40  15.70  got
 15.70  16.10  counted
 16.10  16.58  24
 16.58  17.04  times.
 17.34  17.88  Let's
 17.88  18.08  call
 18.08  18.36  those
 18.36  18.66  made
 18.66  18.84 -up
 18.84  19.18  endings
 19.18  19.54  ghost
 19.54  19.90  games.
 20.14  20.58  We
 20.58  20.74  want
 20.74  20.84  to
 20.84  21.14  count
 21.14  21.50  each
 21.50  21.78  real
 21.78  22.10  game
 22.10  22.46  only
 22.46  22.86  once.
